860.895012919724
857.987519058701
853.245928090760
837.567790249268
846.367833121423
844.835654594406
853.797007486283
833.838554064756
879.148297756845
776.857957433563
917.611707219540
787.555328995202
753.297447662994
925.881383941346
938.608848732752
793.621835027956
887.608975544761
738.948676727641
816.312006150964
807.934283287995
699.611320581051
946.211848925314
740.340517735998
975.177654492518
989.900523862736
873.507970250562
-21.5716521833589
699.901267930324
744.300073066534
677.701880626070
699.900111842568
711.001582341276
633.303512479686
666.600213914991
633.302065317380
733.197530803898
766.496370303760
777.594224064290
733.195642981976
688.797102603423
699.898054275444
677.702679642356
655.499760058405
622.201273802773
722.099866399128
677.701119328542
722.100261189852
688.800991425211
611.104522211168
611.100633351997
655.502127561629
555.606673877340
566.702655041477
278.115869190084
255.917444793194
255.916374780307
300.314332063907
311.414891860891
278.115109119340
289.216203546347
222.619880344067
211.517942083742
333.615092892400
333.612558077803
366.912061985914
200.419448562112
278.117972751778
278.114433922307
389.112875330424
389.110011737021
178.221618402118
167.119550119710
455.708567310055
122.722521015925
45.0277805104592
33.9255082381864
100.525209662642
78.3238722920946
-32.6705179602523
33.9266335999811
144.922564785702
156.020737980913
422.410701612567
422.408983464065
-121.466140262943
-121.466140262943
-132.565622691461
-132.565622691461
-154.764586977173
-176.963550505879
-232.461199949487
-376.754432043792
-410.052621709618
-354.556740969342
-387.855522154648
-332.357961439429
-454.450774476263
-498.850292319091
-509.948156214703
-543.248354117902
-554.346058174143
-554.346939665411
-121.466618709233
-165.864772363340
-188.063735513744
-221.362178818292
-232.461875188674
-243.561355721387
-254.660836064836
-254.660836064836
-265.760316217032
-343.456671967752
-343.456671967752
-365.655835263333
-387.854791579408
-410.053747132551
-454.451655957019
-521.048710271366
-576.546273662174
-809.634394765036
-820.733640286734
-820.734287278954
-798.535542653106
-787.435668620378
-776.335756671748
-798.534464335300
-820.734849386400
-731.939406656324
-798.536076464176
-765.236510383279
-765.237129076709
-776.335278187918
-854.032491747902
-765.236050763055
-798.534923957277
-798.535139620806
-809.634169669845
-820.733865382061
-798.534698862282
-909.529839083159
-898.431886567028
-820.735326609650
-720.839241627907
-665.341474989092
-665.342570888574