104.201036816976
45.6599591692670
63.0165832206688
49.0188535508238
91.1529881994930
31.1170527180527
113.556455642113
74.8779814797109
115.982855107830
46.0648745691316
19.5370096849941
122.481936510571
92.6136129792899
96.8760375986471
62.7433591303546
84.4887334471818
75.7215766210838
34.4147266401013
128.829794553773
36.3839909010798
85.1931237934486
36.7614547639596
137.096148869398
101.684937092863
13.8041560287749
49.3527567021347
199.033005661536
-372.514372528705
-390.097793967135
-363.722590367245
-346.136071159894
-390.099378569447
-354.931721720151
-310.966265796084
-319.760367489603
-319.756470915713
-328.547867733983
-284.584003918426
-267.000082434168
-249.415970445203
-293.379468396922
-381.308172230635
-284.588242587451
-284.589398570192
-363.720620441529
-346.137008498685
-372.513363752656
-354.929318859339
-354.932682856627
-249.418334394176
-346.137945833267
-346.142163786992
-249.419685205022
-249.428465180135
-267.015627201915
-231.842653876583
-231.841398386133
-267.013819748474
-223.048806609774
-275.807750348295
-293.396548789670
-214.257327454259
-302.185736747707
-223.047296760329
-258.218887990052
-249.430828931501
-310.981001816751
-196.669148031895
-310.976791643823
-223.045786894519
-284.604810921126
-196.671810549502
-275.802149319501
-231.846420279108
-284.609434354873
-187.881524072820
-284.607507939182
-205.467374322678
-223.057261449092
-231.848931157465
-267.019242047858
-223.052128217629
-293.389399059624
-240.631010493756
-231.853325085010
-231.853325085010
-231.853638931871
-231.853638931871
-231.854266623301
-231.854894311373
-223.062696420809
-223.066621541086
-231.861484868441
-170.302629466533
-152.715453504960
-161.508294209287
-223.068735019359
-152.717520527233
-223.070244626207
-143.924246939172
-223.071452299632
-187.895003164116
-214.266028951765
-205.473493424546
-205.474049691752
-205.474884087102
-196.681395115258
-196.681661342059
-196.681927568391
-196.681927568391
-196.682193793867
-196.684057356589
-196.684057356589
-187.890679857536
-187.891188490547
-187.891697121117
-187.892714375501
-179.100163662946
-170.307239598250
-205.489624145655
-214.284300177199
-187.901106372915
-179.106223653861
-196.694705719712
-214.283140176487
-223.078094308086
-161.517912564650
-143.927558400253
-152.723101253626
-205.488511749932
-179.105496473037
-231.871840826986
-196.696302891054
-223.077188599016
-205.489346047824
-196.694971916648
-214.284010178157
-205.489902243017
-214.283720178433
-196.697633851136
-117.547036420528
-135.134718752582
-179.104526890867
-196.691777515532
-143.926389663601