0.0493785093183305
0.0580402688659092
0.0575500142029455
0.0553430532432913
0.0569705355463839
0.0561920855139988
0.0583226651294240
0.0551038384688241
0.0618203259041934
0.0476151970381125
0.0662305342470972
0.0499393572562781
0.0452861842360903
0.0681340325399447
0.0695731890878051
0.0500778568861620
0.0623912748616817
0.0430239205014686
0.0536904559157279
0.0514248025656912
0.0390502823769339
0.0704974515915637
0.0445646261022716
0.0755768639896246
0.0770569017599314
0.0601805951380925
199.033005661536
-372.514372528705
0.0554696840280826
0.0464673136352189
0.0478941865931120
0.0516598092916070
0.0413963718222590
0.0425071666913368
0.0395383330277923
0.0502706070501517
0.0546430737807100
0.0538798915728194
0.0478467971212240
0.0421720788923494
0.0452524376188990
0.0474931856114722
0.0401233597786472
0.0367783956365884
0.0513534343151605
0.0454898694775920
0.0518603135209901
0.0471650100323018
0.0392245222194561
0.0342315430824556
0.0431630415170048
0.0336512401662503
0.0301202854901703
-249.428465180135
0.0107313823788076
0.00935757278924143
0.0112991411934615
0.0132067609301600
0.00997643054145669
0.0125322140167157
0.0106361181666017
0.00711170215028290
0.0159000396250235
0.0126455436799802
0.0158048396367576
0.00802918561622334
0.0136531018704318
0.00910953242185997
0.0194755854609525
0.0157989642490293
0.00883904658098800
0.00522421512137328
0.0222830163163223
0.00539261244849598
0.00650139004800110
0.00285421315018652
0.00713639855811010
0.00378762727152093
0.00397938399512121
0.00429908623907593
0.00723354410078514
0.00580914010822653
0.0207679065070465
0.0185619434601563
0.00536874301760548
0.00536874301760548
0.00559044032871725
0.00559044032871725
0.00609194830545334
0.00667094601419649
0.00814425302147015
0.0150557196510590
0.0174288166750216
0.0121543725581716
0.0136532386613055
0.0107270248016960
0.0201333370352756
0.0213912529053459
0.0243413718791601
0.0248246503265932
0.0280564995230748
0.0269247363728482
0.00475445686429765
0.00546849024962626
0.00608622991269669
0.00715813053962222
0.00727730078105537
0.00769271717142317
0.00812750620011116
0.00812750620011116
0.00858166739070043
0.0123032188764398
0.0123032188764398
0.0132760989495182
0.0145912378968092
0.0159838650901918
0.0190015873808420
0.0238566700508613
0.0284053035257443
-205.489624145655
0.0565552210104556
0.0557245355790883
0.0526456880315891
0.0517791216240653
0.0509803620034290
0.0540301604630713
0.0550028353002858
0.0437425062063994
0.0519603179992600
0.0493460746816368
0.0485517225973240
0.0515946963561760
0.0603738725507697
0.0499361896969504
0.0534400431966446
0.0531631487522759
0.0551324482353266
0.0562662169037935
0.0537290468775495
0.0680689002309123
0.0645440003825115
0.0543901194296268
0.0433643135022521
0.0378333794539003
0.0364263335800956